# Position (bp)	A	C	G	T	N
0.0	32.161687170474515	10.896309314586995	28.646748681898064	28.295254833040424	0.0
1.0	20.66326530612245	10.076530612244898	22.066326530612244	47.19387755102041	0.0
2.0	18.452380952380953	12.261904761904761	21.666666666666668	47.61904761904761	0.0
3.0	31.170336037079956	14.831981460023174	19.58285052143685	34.414831981460026	0.0
4.0	27.083333333333332	16.550925925925927	18.287037037037038	38.0787037037037	0.0
5.0	23.23699421965318	25.43352601156069	22.54335260115607	28.78612716763006	0.0
6.0	20.092378752886837	26.32794457274827	15.935334872979215	37.644341801385686	0.0
7.0	17.782909930715935	19.7459584295612	12.702078521939955	49.76905311778291	0.0
8.0	16.147635524798154	25.144175317185695	14.071510957324108	44.636678200692046	0.0
9.0	11.622554660529344	27.042577675489067	25.891829689298046	35.44303797468354	0.0
10.0	12.298850574712644	21.839080459770116	30.45977011494253	35.40229885057472	0.0
11.0	12.413793103448276	20.804597701149426	18.96551724137931	47.81609195402299	0.0
12.0	16.436781609195403	25.97701149425287	18.39080459770115	39.195402298850574	0.0
13.0	24.054982817869416	27.262313860252004	19.129438717067583	29.553264604810998	0.0
14.0	23.340961098398168	21.62471395881007	27.57437070938215	27.45995423340961	0.0
15.0	21.232876712328768	16.43835616438356	26.59817351598174	35.73059360730594	0.0
16.0	16.894977168949772	17.35159817351598	22.488584474885844	43.2648401826484	0.0
17.0	27.137970353477765	14.481185860889395	19.156214367160775	39.22462941847206	0.0
18.0	23.71721778791334	25.313568985176737	21.094640820980615	29.874572405929307	0.0
19.0	22.690992018244014	26.339794754846068	24.857468643101484	26.111744583808438	0.0
20.0	19.248291571753988	23.804100227790435	25.512528473804103	31.435079726651484	0.0
21.0	27.790432801822323	15.034168564920272	24.145785876993166	33.029612756264235	0.0
22.0	26.42369020501139	16.059225512528474	18.79271070615034	38.724373576309794	0.0
23.0	22.448979591836736	13.83219954648526	21.31519274376417	42.40362811791383	0.0
24.0	18.961625282167045	16.478555304740404	24.943566591422123	39.61625282167043	0.0
25.0	19.487750556792875	26.83741648106904	23.719376391982184	29.955456570155903	0.0
26.0	20.750551876379692	24.834437086092713	22.626931567328917	31.788079470198678	0.0
27.0	22.270742358078603	25.109170305676855	21.17903930131004	31.4410480349345	0.0
28.0	19.86970684039088	23.452768729641694	24.104234527687296	32.57328990228013	0.0
29.0	22.486486486486488	25.405405405405407	20.324324324324326	31.783783783783782	0.0
30.0	22.12674543501611	23.308270676691727	23.200859291084853	31.364124597207304	0.0
31.0	20.342612419700217	22.376873661670235	26.659528907922912	30.620985010706637	0.0
32.0	19.893048128342247	24.385026737967912	26.31016042780749	29.411764705882355	0.0
33.0	22.15122470713525	21.61874334398296	24.494142705005327	31.735889243876464	0.0
34.0	23.834745762711865	22.88135593220339	25.423728813559322	27.860169491525422	0.0
35.0	23.516949152542374	23.41101694915254	26.906779661016948	26.16525423728814	0.0
36.0	24.210526315789473	23.57894736842105	21.894736842105264	30.315789473684212	0.0
37.0	24.054621848739497	21.008403361344538	26.99579831932773	27.941176470588236	0.0
38.0	27.225130890052355	20.523560209424083	23.141361256544503	29.109947643979055	0.0
39.0	27.92887029288703	19.769874476987447	24.790794979079497	27.510460251046027	0.0
40.0	27.32012513034411	22.314911366006257	21.063607924921794	29.30135557872784	0.0
41.0	27.593360995850624	21.16182572614108	19.19087136929461	32.053941908713696	0.0
42.0	27.04663212435233	19.170984455958546	25.38860103626943	28.39378238341969	0.0
43.0	26.522187822497422	23.219814241486066	19.814241486068113	30.4437564499484	0.0
44.0	26.321138211382113	22.25609756097561	23.069105691056908	28.353658536585364	0.0
45.0	28.171828171828174	18.48151848151848	19.58041958041958	33.76623376623377	0.0
46.0	25.615763546798032	19.901477832512317	22.167487684729064	32.31527093596059	0.0
47.0	23.684210526315788	24.269005847953213	21.929824561403507	30.116959064327485	0.0
48.0	27.692307692307693	22.692307692307693	22.692307692307693	26.923076923076923	0.0
49.0	26.020892687559353	21.557454890788225	23.266856600189932	29.154795821462486	0.0
50.0	23.03370786516854	20.59925093632959	26.217228464419474	30.1498127340824	0.0
51.0	25.949953660797032	21.686746987951807	25.11584800741427	27.247451343836886	0.0
52.0	24.816176470588236	23.80514705882353	21.047794117647058	30.330882352941174	0.0
53.0	26.2580054894785	21.50045745654163	23.42177493138152	28.819762122598352	0.0
54.0	25.43299908842297	18.86964448495898	26.34457611668186	29.35278030993619	0.0
55.0	28.997289972899733	19.873532068654022	24.028906955736222	27.100271002710024	0.0
56.0	26.70863309352518	23.111510791366907	22.571942446043167	27.60791366906475	0.0
57.0	27.55834829443447	21.99281867145422	22.262118491921004	28.186714542190305	0.0
58.0	27.66338406445837	22.739480752014323	21.665174574753802	27.931960608773498	0.0
59.0	27.70330652368186	22.162645218945485	20.64343163538874	29.49061662198391	0.0
60.0	25.423728813559322	23.371989295272076	22.658340767172167	28.545941123996432	0.0
61.0	22.439893143365982	24.04274265360641	23.775601068566342	29.741763134461262	0.0
62.0	24.110320284697508	22.95373665480427	21.97508896797153	30.96085409252669	0.0
63.0	21.136767317939608	23.357015985790408	26.287744227353464	29.218472468916517	0.0
64.0	25.221238938053098	21.76991150442478	24.778761061946902	28.230088495575224	0.0
65.0	23.674911660777383	24.823321554770317	22.34982332155477	29.151943462897528	0.0
66.0	23.742277140335393	21.977052074139454	23.830538393645188	30.450132391879965	0.0
67.0	25.176056338028168	19.54225352112676	22.27112676056338	33.01056338028169	0.0
68.0	24.735915492957748	19.54225352112676	24.20774647887324	31.514084507042256	0.0
69.0	22.280701754385966	21.228070175438596	24.561403508771928	31.929824561403507	0.0
70.0	24.759405074365702	20.384951881014874	21.95975503062117	32.895888013998245	0.0
71.0	23.75545851528384	19.03930131004367	24.27947598253275	32.92576419213974	0.0
72.0	25.392670157068064	18.32460732984293	26.090750436300176	30.19197207678883	0.0
73.0	27.177700348432055	19.250871080139373	25.348432055749132	28.222996515679444	0.0
74.0	26.0	18.695652173913043	26.347826086956523	28.956521739130437	0.0
75.0	28.670721112076453	17.636837532580365	26.151172893136405	27.541268462206776	0.0
76.0	28.931364031277152	18.245004344048652	27.715030408340574	25.10860121633362	0.0
77.0	30.789245446660885	18.99392888117953	25.065047701647874	25.151777970511706	0.0
78.0	30.415944540727903	19.930675909878683	26.689774696707108	22.96360485268631	0.0
79.0	33.27556325823224	19.23743500866551	23.91681109185442	23.570190641247834	0.0
80.0	34.31542461005199	18.80415944540728	23.310225303292896	23.570190641247834	0.0
81.0	33.795493934142115	17.677642980935875	22.357019064124785	26.16984402079723	0.0
82.0	33.56401384083045	20.588235294117645	21.62629757785467	24.22145328719723	0.0
83.0	29.67128027681661	19.290657439446367	23.70242214532872	27.33564013840831	0.0
84.0	32.0656871218669	19.101123595505616	21.866897147796024	26.96629213483146	0.0
85.0	32.788296041308094	19.01893287435456	22.117039586919105	26.075731497418243	0.0
86.0	32.07222699914015	20.378331900257955	20.03439380911436	27.515047291487534	0.0
87.0	32.90378006872852	18.470790378006875	19.587628865979383	29.037800687285227	0.0
88.0	28.81646655231561	19.639794168096056	22.21269296740995	29.331046312178387	0.0
89.0	32.534246575342465	19.69178082191781	21.232876712328768	26.541095890410958	0.0
90.0	32.16723549488055	20.563139931740615	18.686006825938566	28.58361774744027	0.0
91.0	29.336734693877553	20.918367346938776	17.17687074829932	32.56802721088435	0.0
92.0	30.18707482993197	19.472789115646258	19.302721088435373	31.037414965986393	0.0
93.0	30.272108843537417	20.833333333333336	18.367346938775512	30.52721088435374	0.0
94.0	28.48639455782313	20.32312925170068	19.217687074829932	31.97278911564626	0.0
95.0	27.079796264855688	23.00509337860781	18.08149405772496	31.833616298811545	0.0
96.0	27.2264631043257	24.512298558100085	15.436810856658184	32.82442748091603	0.0
97.0	30.0	21.01694915254237	17.457627118644066	31.52542372881356	0.0
98.0	28.3657917019475	23.539373412362405	18.71295512277731	29.38187976291279	0.0
99.0	30.05927180355631	23.878069432684164	18.204911092294665	27.85774767146486	0.0
100.0	28.426395939086298	23.26565143824027	20.050761421319795	28.25719120135364	0.0
101.0	27.72612003381234	24.936601859678785	19.526627218934912	27.810650887573964	0.0
102.0	27.111486486486484	23.56418918918919	20.35472972972973	28.969594594594593	0.0
103.0	28.209459459459456	25.25337837837838	19.510135135135133	27.027027027027028	0.0
104.0	27.78716216216216	23.986486486486484	19.256756756756758	28.969594594594593	0.0
105.0	25.084459459459456	24.5777027027027	21.368243243243242	28.969594594594593	0.0
106.0	24.219409282700422	25.31645569620253	19.071729957805907	31.39240506329114	0.0
107.0	26.329113924050635	24.894514767932492	20.08438818565401	28.691983122362867	0.0
108.0	24.70489038785835	25.96964586846543	18.54974704890388	30.775716694772342	0.0
109.0	24.5362563237774	26.728499156829677	19.983136593591905	28.752107925801013	0.0
110.0	25.798319327731097	27.058823529411764	19.07563025210084	28.067226890756302	0.0
111.0	26.929530201342285	25.083892617449667	17.114093959731544	30.87248322147651	0.0
112.0	27.912824811399833	23.47024308466052	18.440905280804696	30.176026823134954	0.0
113.0	26.152556580050295	23.55406538139145	19.69823973176865	30.595138306789604	0.0
114.0	28.05695142378559	24.120603015075375	20.435510887772192	27.386934673366838	0.0
115.0	27.364016736401673	22.343096234309623	22.259414225941423	28.03347280334728	0.0
116.0	29.57393483709273	23.141186299081035	20.885547201336674	26.399331662489555	0.0
117.0	30.108423686405338	23.102585487906588	20.266889074228526	26.522101751459548	0.0
118.0	31.19266055045872	20.767306088407008	22.26855713094245	25.771476230191826	0.0
119.0	29.916666666666668	20.166666666666664	23.25	26.666666666666668	0.0
120.0	28.749999999999996	20.75	22.083333333333332	28.416666666666668	0.0
121.0	29.666666666666668	22.166666666666668	21.083333333333336	27.083333333333332	0.0
122.0	28.226477935054124	22.89758534554538	20.64945878434638	28.226477935054124	0.0
123.0	29.950083194675543	21.880199667221298	17.13810316139767	31.03161397670549	0.0
124.0	28.95174708818636	23.544093178036608	18.38602329450915	29.11813643926789	0.0
125.0	28.036605657237935	22.04658901830283	18.885191347753743	31.03161397670549	0.0
126.0	27.763923524522028	24.771404821280132	18.038237738985867	29.42643391521197	0.0
127.0	24.169435215946844	23.67109634551495	19.352159468438536	32.80730897009967	0.0
128.0	26.202321724709783	23.797678275290217	18.490878938640133	31.509121061359867	0.0
129.0	25.538971807628524	22.71973466003317	18.988391376451077	32.752902155887234	0.0
130.0	28.086164043082025	23.860811930405966	17.56420878210439	30.488815244407625	0.0
131.0	26.09776304888152	24.60646230323115	19.386909693454847	29.90886495443248	0.0
132.0	27.566225165562912	23.59271523178808	19.205298013245034	29.635761589403977	0.0
133.0	27.28026533996683	23.71475953565506	18.65671641791045	30.34825870646766	0.0
134.0	23.655913978494624	25.806451612903224	20.099255583126553	30.4383788254756	0.0
135.0	29.776674937965257	22.58064516129032	18.11414392059553	29.528535980148884	0.0
136.0	27.603305785123965	24.710743801652892	18.016528925619834	29.669421487603305	0.0
137.0	30.057803468208093	21.552436003303054	19.9009083402147	28.488852188274155	0.0
138.0	29.232039636663913	24.77291494632535	17.258464079273327	28.736581337737405	0.0
139.0	28.32369942196532	24.112303881090007	20.974401321222132	26.589595375722542	0.0
140.0	29.06688687035508	24.112303881090007	19.240297274979355	27.580511973575554	0.0
141.0	30.800990916597854	23.947151114781175	17.010734929810074	28.2411230388109	0.0
142.0	30.470685383980182	23.36911643270025	19.07514450867052	27.08505367464905	0.0
143.0	31.048720066061108	24.02972749793559	19.07514450867052	25.84640792733278	0.0
144.0	29.72749793559042	23.864574731626757	18.827415359207265	27.580511973575554	0.0
145.0	28.901734104046245	23.699421965317917	19.322873658133773	28.075970272502065	0.0
146.0	27.167630057803464	22.95623451692816	22.791081750619323	27.08505367464905	0.0
147.0	28.819157720891823	22.04789430222956	21.469859620148636	27.663088356729975	0.0
148.0	26.094137076796038	22.54335260115607	23.286540049545827	28.075970272502065	0.0
149.0	32.28736581337737	21.056977704376546	19.15772089182494	27.49793559042114	0.0
150.0	30.775577557755774	19.224422442244222	22.112211221122113	27.887788778877887	0.0
151.0	30.033003300330037	22.442244224422442	22.194719471947195	25.33003300330033	0.0
152.0	32.17821782178218	21.03960396039604	21.534653465346533	25.247524752475247	0.0
153.0	31.821929101401487	22.67106347897774	20.362737015663644	25.14427040395713	0.0
154.0	32.15169002473207	20.610057708161584	19.208573784006592	28.02967848309975	0.0
155.0	36.60346248969497	19.950535861500413	18.21929101401484	25.22671063478978	0.0
156.0	31.574608408903543	20.115416323165704	20.610057708161584	27.699917559769165	0.0
157.0	33.6356141797197	20.44517724649629	20.362737015663644	25.556471558120364	0.0
158.0	30.99752679307502	20.93981863149217	20.280296784831	27.782357790601814	0.0
159.0	32.5638911788953	23.083264633140974	19.29101401483924	25.061830173124484	0.0
160.0	31.765676567656765	21.864686468646866	20.462046204620464	25.90759075907591	0.0
161.0	30.92105263157895	21.710526315789476	20.065789473684212	27.302631578947366	0.0
162.0	31.25	21.134868421052634	20.148026315789476	27.467105263157894	0.0
163.0	32.56578947368421	22.039473684210524	16.940789473684212	28.45394736842105	0.0
164.0	30.92105263157895	21.957236842105264	19.736842105263158	27.384868421052634	0.0
165.0	32.15460526315789	22.450657894736842	18.914473684210524	26.480263157894733	0.0
166.0	31.907894736842106	22.36842105263158	17.68092105263158	28.042763157894733	0.0
167.0	28.700657894736842	22.203947368421055	17.763157894736842	31.332236842105267	0.0
168.0	29.851973684210524	23.519736842105264	18.832236842105264	27.79605263157895	0.0
169.0	28.700657894736842	20.723684210526315	18.503289473684212	32.07236842105263	0.0
170.0	29.39244663382594	20.525451559934318	17.15927750410509	32.92282430213464	0.0
171.0	30.623973727422005	21.839080459770116	18.801313628899834	28.735632183908045	0.0
172.0	27.115858668857847	20.542317173377157	21.446179129005753	30.895645028759244	0.0
173.0	27.691043549712408	23.171733771569432	18.570254724732948	30.56696795398521	0.0
174.0	28.125	22.450657894736842	17.927631578947366	31.49671052631579	0.0
175.0	27.138157894736842	22.121710526315788	19.490131578947366	31.25	0.0
176.0	28.477366255144034	22.71604938271605	17.448559670781894	31.35802469135803	0.0
177.0	29.736408566721583	20.840197693574957	18.945634266886326	30.477759472817134	0.0
178.0	32.17821782178218	20.379537953795378	18.316831683168317	29.125412541254125	0.0
179.0	29.950495049504948	19.71947194719472	19.801980198019802	30.528052805280524	0.0
180.0	29.86798679867987	22.68976897689769	20.874587458745875	26.567656765676567	0.0
181.0	29.47976878612717	20.726672171758878	21.80016515276631	27.993393889347644	0.0
182.0	28.92561983471074	21.40495867768595	20.826446280991735	28.84297520661157	0.0
183.0	32.00992555831266	19.35483870967742	19.520264681555005	29.114971050454923	0.0
184.0	29.859387923904052	19.768403639371382	20.181968569065344	30.190239867659223	0.0
185.0	26.550868486352357	19.02398676592225	23.159636062861868	31.265508684863523	0.0
186.0	24.648469809760133	20.843672456575682	21.83622828784119	32.671629445822994	0.0
187.0	27.1523178807947	19.619205298013245	22.930463576158942	30.29801324503311	0.0
188.0	28.701406120760957	19.106699751861044	20.595533498759306	31.59636062861869	0.0
189.0	26.40728476821192	19.950331125827812	22.930463576158942	30.711920529801322	0.0
190.0	25.971877584780813	19.189412737799834	25.806451612903224	29.03225806451613	0.0
191.0	26.96443341604632	18.858560794044664	23.655913978494624	30.52109181141439	0.0
192.0	28.53598014888337	18.775847808105873	24.731182795698924	27.956989247311824	0.0
193.0	27.874276261373037	18.031430934656743	24.56575682382134	29.528535980148884	0.0
194.0	26.694214876033058	18.677685950413224	23.553719008264462	31.074380165289256	0.0
195.0	29.149463253509495	15.937241948802642	23.534269199009085	31.37902559867878	0.0
196.0	27.1900826446281	19.58677685950413	22.231404958677686	30.991735537190085	0.0
197.0	28.429752066115704	16.859504132231404	21.818181818181817	32.892561983471076	0.0
198.0	27.46071133167907	17.535153019023987	22.58064516129032	32.42349048800662	0.0
199.0	26.076158940397352	19.70198675496689	23.26158940397351	30.960264900662253	0.0
200.0	26.468155500413566	19.768403639371382	21.09181141439206	32.671629445822994	0.0
201.0	29.3631100082713	18.941273779983458	20.264681555004135	31.430934656741112	0.0
202.0	26.38544251447477	19.272125723738625	22.001654259718777	32.34077750206782	0.0
203.0	29.519071310116086	20.729684908789388	18.988391376451077	30.762852404643446	0.0
204.0	28.79668049792531	20.16597510373444	17.676348547717843	33.3609958506224	0.0
205.0	30.34081463009144	21.11388196176226	16.375727348295925	32.16957605985037	0.0
206.0	27.18204488778055	22.776392352452202	17.78886118038238	32.252701579384876	0.0
207.0	27.597672485453035	19.866999168744805	18.952618453865338	33.58270989193682	0.0
208.0	28.53577371048253	19.217970049916804	17.970049916805326	34.27620632279534	0.0
209.0	29.925187032418954	20.0332502078138	18.53699085619285	31.504571903574398	0.0
210.0	30.25768911055694	19.534497090606816	18.86949293433084	31.338320864505402	0.0
211.0	28.179551122194514	21.529509559434747	18.86949293433084	31.421446384039903	0.0
212.0	29.61730449251248	20.382695507487522	15.640599001663894	34.359400998336106	0.0
213.0	27.953410981697168	19.384359400998335	20.549084858569053	32.11314475873544	0.0
214.0	29.666666666666668	20.666666666666668	20.5	29.166666666666668	0.0
215.0	27.083333333333332	21.5	19.75	31.666666666666664	0.0
216.0	29.774812343619683	19.599666388657212	19.599666388657212	31.02585487906589	0.0
217.0	27.712854757929883	20.784641068447414	18.864774624373958	32.637729549248746	0.0
218.0	29.799666110183637	19.94991652754591	19.031719532554256	31.21869782971619	0.0
219.0	30.96828046744574	18.864774624373958	20.70116861435726	29.465776293823037	0.0
220.0	27.508361204013376	19.732441471571907	18.394648829431436	34.364548494983275	0.0
221.0	28.870292887029287	20.0836820083682	19.414225941422593	31.63179916317992	0.0
222.0	28.894472361809044	19.01172529313233	19.430485762144052	32.663316582914575	0.0
223.0	27.287993282955497	22.08228379513014	17.80016792611251	32.82955499580184	0.0
224.0	29.135180520570948	22.250209907640638	18.639798488664987	29.974811083123427	0.0
225.0	29.219143576826195	21.326616288832913	18.303946263643997	31.150293870696892	0.0
226.0	25.272879932829557	23.845507976490342	20.067170445004198	30.814441645675906	0.0
227.0	29.554995801847188	20.73887489504618	17.548278757346765	32.157850545759864	0.0
228.0	24.45378151260504	22.77310924369748	17.899159663865547	34.87394957983193	0.0
229.0	26.82926829268293	22.455845248107654	18.923465096719934	31.791421362489487	0.0
230.0	25.252525252525253	23.82154882154882	18.68686868686869	32.23905723905724	0.0
231.0	27.356902356902356	21.464646464646464	20.37037037037037	30.808080808080806	0.0
232.0	26.515151515151516	22.39057239057239	20.033670033670035	31.060606060606062	0.0
233.0	25.420875420875422	21.21212121212121	20.37037037037037	32.996632996633	0.0
234.0	24.831649831649834	21.548821548821547	19.696969696969695	33.92255892255892	0.0
235.0	27.83851976450799	17.91421362489487	20.77375946173255	33.47350714886459	0.0
236.0	26.767676767676768	18.855218855218855	21.71717171717172	32.659932659932664	0.0
237.0	26.621735467565287	18.702611625947767	18.618365627632688	36.057287278854254	0.0
238.0	27.295703454085928	20.219039595619208	19.03959561920809	33.445661331086775	0.0
239.0	26.138279932546375	19.30860033726813	20.657672849915684	33.895446880269816	0.0
240.0	26.160337552742618	16.877637130801688	20.168776371308017	36.793248945147674	0.0
241.0	26.582278481012654	18.734177215189874	19.156118143459917	35.527426160337555	0.0
242.0	25.359256128486894	18.59678782755706	21.048182586644128	34.99577345731192	0.0
243.0	27.472527472527474	17.075232459847843	19.864750633981405	35.587489433643285	0.0
244.0	25.972927241962772	17.766497461928935	21.912013536379018	34.34856175972927	0.0
245.0	25.63451776649746	19.96615905245347	19.035532994923855	35.36379018612521	0.0
246.0	27.918781725888326	16.58206429780034	21.23519458544839	34.263959390862944	0.0
247.0	27.918781725888326	17.512690355329948	20.473773265651438	34.09475465313029	0.0
248.0	29.018612521150594	18.8663282571912	20.896785109983078	31.218274111675125	0.0
249.0	28.849407783417934	20.135363790186126	19.37394247038917	31.64128595600677	0.0
250.0	26.988155668358715	17.681895093062604	22.673434856175973	32.656514382402705	0.0
251.0	29.491525423728817	19.576271186440678	20.25423728813559	30.677966101694913	0.0
252.0	26.378286683630197	18.6598812553011	23.494486853265478	31.46734520780322	0.0
253.0	27.017841971113	18.181818181818183	23.704333050127442	31.096006796941378	0.0
254.0	28.023850085178875	19.761499148211243	21.976149914821125	30.238500851788757	0.0
255.0	30.008525149190113	19.352088661551576	21.057118499573743	29.58226768968457	0.0
256.0	28.924914675767916	19.368600682593858	21.672354948805463	30.034129692832767	0.0
257.0	30.204778156996586	18.43003412969283	21.416382252559725	29.948805460750854	0.0
258.0	28.60802732707088	19.470538001707943	21.263877028181042	30.657557643040136	0.0
259.0	26.9000853970965	17.67719897523484	21.690862510674638	33.73185311699402	0.0
260.0	28.86421861656704	18.531169940222032	22.032450896669513	30.572160546541415	0.0
261.0	29.65811965811966	18.974358974358974	23.247863247863247	28.11965811965812	0.0
262.0	31.565440547476477	21.471343028229256	19.076133447390934	27.887082976903336	0.0
263.0	29.674099485420243	19.46826758147513	21.355060034305318	29.50257289879931	0.0
264.0	30.90128755364807	20.171673819742487	21.80257510729614	27.124463519313302	0.0
265.0	30.98712446351931	21.373390557939913	18.88412017167382	28.75536480686695	0.0
266.0	29.037800687285227	20.36082474226804	21.735395189003437	28.865979381443296	0.0
267.0	32.90378006872852	19.93127147766323	20.532646048109964	26.632302405498283	0.0
268.0	30.696474634565778	19.260533104041272	20.55030094582975	29.492691315563196	0.0
269.0	27.304048234280792	21.188630490956072	20.844099913867357	30.663221360895783	0.0
270.0	28.165374677002585	21.877691645133506	21.619293712316967	28.33763996554694	0.0
271.0	30.835486649440135	20.671834625322997	19.379844961240313	29.112833763996555	0.0
272.0	28.620689655172416	20.689655172413794	22.844827586206897	27.844827586206893	0.0
273.0	28.349178910976665	21.9533275713051	19.96542783059637	29.732065687121867	0.0
274.0	31.374243733794295	21.00259291270527	19.014693171996544	28.608470181503886	0.0
275.0	32.55411255411255	20.51948051948052	17.22943722943723	29.6969696969697	0.0
276.0	32.06239168110919	22.44367417677643	20.103986135181977	25.38994800693241	0.0
277.0	30.615784908933218	20.9887250650477	18.99392888117953	29.40156114483955	0.0
278.0	33.10165073848827	17.549956559513465	18.853171155516943	30.49522154648132	0.0
279.0	33.130434782608695	19.130434782608695	20.956521739130434	26.782608695652172	0.0
280.0	29.852045256744997	20.713664055700608	19.930374238468232	29.50391644908616	0.0
281.0	31.03748910200523	19.26765475152572	21.44725370531822	28.247602441150825	0.0
282.0	30.80279232111693	18.760907504363004	20.680628272251308	29.75567190226876	0.0
283.0	30.628272251308903	21.11692844677138	21.291448516579408	26.96335078534031	0.0
284.0	32.43006993006993	20.62937062937063	21.678321678321677	25.26223776223776	0.0
285.0	33.33333333333333	19.510061242344705	21.609798775153106	25.54680664916885	0.0
286.0	33.1583552055993	18.985126859142607	21.25984251968504	26.596675415573053	0.0
287.0	33.887915936952716	19.176882661996498	21.71628721541156	25.21891418563923	0.0
288.0	33.391761612620506	19.10604732690622	20.3330411919369	27.169149868536373	0.0
289.0	32.92361720807726	20.54433713784021	19.402985074626866	27.12906057945566	0.0
290.0	30.837004405286343	20.440528634361232	20.352422907488986	28.370044052863435	0.0
291.0	32.4801412180053	21.80052956751986	18.79964695498676	26.919682259488088	0.0
292.0	31.24448367166814	19.770520741394527	20.91791703442189	28.067078552515447	0.0
293.0	30.123674911660775	22.173144876325086	19.434628975265017	28.26855123674912	0.0
294.0	31.653404067197172	19.80548187444739	18.74447391688771	29.79664014146773	0.0
295.0	32.24092116917626	22.586359610274577	17.360496014171833	27.812223206377322	0.0
296.0	33.30373001776199	20.24866785079929	18.29484902309059	28.152753108348133	0.0
297.0	34.10507569011576	20.837043633125557	19.768477292965272	25.289403383793413	0.0
298.0	33.006244424620874	21.677074041034793	18.198037466547724	27.11864406779661	0.0
299.0	33.452593917710196	18.51520572450805	21.556350626118068	26.475849731663686	0.0
300.0	33.15412186379928	21.50537634408602	18.63799283154122	26.70250896057348	0.0
301.0	34.7085201793722	20.089686098654706	18.83408071748879	26.367713004484305	0.0
302.0	34.681042228212036	20.035938903863432	17.969451931716083	27.313566936208446	0.0
303.0	32.133213321332136	20.162016201620162	18.181818181818183	29.522952295229523	0.0
304.0	32.37150586113616	22.452660054102797	18.034265103697024	27.141568981064022	0.0
305.0	33.48375451263538	18.4115523465704	19.4043321299639	28.700361010830328	0.0
306.0	32.91139240506329	20.88607594936709	18.806509945750452	27.39602169981917	0.0
307.0	33.00180831826401	21.699819168173597	19.168173598553345	26.13019891500904	0.0
308.0	29.683257918552037	21.176470588235293	22.081447963800905	27.058823529411764	0.0
309.0	29.71014492753623	22.3731884057971	19.83695652173913	28.07971014492754	0.0
310.0	34.48589626933576	22.83894449499545	17.10646041856233	25.568698817106462	0.0
311.0	32.39308462238398	21.292083712465878	18.3803457688808	27.934485896269333	0.0
312.0	32.96903460837887	20.856102003642988	18.94353369763206	27.231329690346083	0.0
313.0	31.267092069279855	20.96627164995442	19.143117593436646	28.62351868732908	0.0
314.0	33.54603463992707	19.051959890610757	17.22880583409298	30.17319963536919	0.0
315.0	31.934306569343068	19.98175182481752	19.7992700729927	28.284671532846716	0.0
316.0	32.602739726027394	20.365296803652967	18.17351598173516	28.858447488584478	0.0
317.0	30.4029304029304	20.51282051282051	19.413919413919416	29.67032967032967	0.0
318.0	34.24908424908425	20.238095238095237	16.758241758241756	28.754578754578752	0.0
319.0	31.318681318681318	20.97069597069597	17.582417582417584	30.128205128205128	0.0
320.0	31.186752529898804	22.447102115915364	19.319227230910762	27.04691812327507	0.0
321.0	34.34622467771639	20.994475138121548	18.32412523020258	26.335174953959484	0.0
322.0	30.29465930018416	19.429097605893187	18.96869244935543	31.30755064456722	0.0
323.0	30.25830258302583	20.29520295202952	21.771217712177123	27.67527675276753	0.0
324.0	30.719557195571955	24.077490774907748	19.649446494464947	25.553505535055347	0.0
325.0	34.195933456561924	20.70240295748614	19.87060998151571	25.231053604436227	0.0
326.0	31.359851988899166	21.924144310823312	19.88899167437558	26.827012025901944	0.0
327.0	32.192414431082334	22.571692876965773	19.88899167437558	25.346901017576318	0.0
328.0	32.77777777777778	19.35185185185185	18.703703703703702	29.166666666666668	0.0
329.0	32.22222222222222	23.796296296296298	16.48148148148148	27.500000000000004	0.0
330.0	29.166666666666668	23.14814814814815	17.87037037037037	29.814814814814817	0.0
331.0	32.96296296296296	22.87037037037037	16.666666666666664	27.500000000000004	0.0
332.0	30.676552363299354	22.520852641334567	18.628359592215013	28.174235403151066	0.0
333.0	30.583873957367935	24.65245597775718	16.96014828544949	27.803521779425395	0.0
334.0	30.76208178438662	24.907063197026023	18.401486988847584	25.929368029739774	0.0
335.0	30.13953488372093	23.25581395348837	17.674418604651162	28.930232558139537	0.0
336.0	29.42271880819367	23.18435754189944	18.994413407821227	28.398510242085663	0.0
337.0	31.03448275862069	25.256290773532154	16.868592730661696	26.84063373718546	0.0
338.0	31.343283582089555	23.69402985074627	17.257462686567166	27.705223880597014	0.0
339.0	30.186915887850468	22.80373831775701	18.878504672897193	28.130841121495326	0.0
340.0	32.58426966292135	21.910112359550563	17.228464419475657	28.277153558052436	0.0
341.0	32.42736644798501	21.649484536082475	17.619493908153704	28.30365510777882	0.0
342.0	32.4577861163227	21.200750469043154	16.79174484052533	29.54971857410882	0.0
343.0	30.82706766917293	21.616541353383457	17.575187969924812	29.981203007518797	0.0
344.0	31.044214487300092	21.54280338664158	18.532455315145814	28.88052681091251	0.0
345.0	29.150943396226413	21.32075471698113	18.11320754716981	31.41509433962264	0.0
346.0	30.471698113207545	23.39622641509434	18.867924528301888	27.264150943396224	0.0
347.0	30.09433962264151	22.735849056603776	18.962264150943398	28.20754716981132	0.0
348.0	30.340264650283554	21.550094517958414	17.485822306238184	30.623818525519848	0.0
349.0	26.868495742667932	24.219489120151373	18.164616840113528	30.747398297067168	0.0
350.0	32.89099526066351	22.274881516587676	17.061611374407583	27.77251184834123	0.0
351.0	31.047619047619047	20.095238095238095	18.952380952380953	29.904761904761905	0.0
352.0	32.983794089609155	18.875119161105815	20.495710200190658	27.645376549094376	0.0
353.0	28.62595419847328	20.706106870229007	20.13358778625954	30.53435114503817	0.0
354.0	29.103053435114507	20.419847328244277	20.229007633587788	30.248091603053435	0.0
355.0	29.770992366412212	23.18702290076336	18.797709923664122	28.24427480916031	0.0
356.0	29.82791586998088	22.753346080305928	17.78202676864245	29.636711281070742	0.0
357.0	29.15869980879541	20.84130019120459	19.88527724665392	30.11472275334608	0.0
358.0	28.87189292543021	21.510516252390058	20.363288718929255	29.254302103250478	0.0
359.0	29.43432406519655	20.325982742090122	19.079578139980825	31.1601150527325	0.0
360.0	29.81783317353787	20.421860019175455	19.175455417066157	30.584851390220518	0.0
361.0	28.26923076923077	20.28846153846154	17.596153846153847	33.84615384615385	0.0
362.0	30.434782608695656	20.096618357487923	20.38647342995169	29.082125603864732	0.0
363.0	32.33301064859632	21.58760890609874	16.55372700871249	29.525653436592446	0.0
364.0	30.164888457807955	20.077594568380214	19.59262851600388	30.164888457807955	0.0
365.0	30.836575875486382	19.26070038910506	18.385214007782103	31.517509727626457	0.0
366.0	30.634146341463413	20.878048780487806	16.975609756097562	31.51219512195122	0.0
367.0	29.03225806451613	22.482893450635384	16.422287390029325	32.06256109481916	0.0
368.0	27.52203721841332	20.176297747306563	19.000979431929483	33.30068560235064	0.0
369.0	28.823529411764703	20.0	21.470588235294116	29.705882352941178	0.0
370.0	30.48180924287119	19.469026548672566	18.48574237954769	31.563421828908556	0.0
371.0	29.891838741396263	20.255653883972467	20.943952802359885	28.908554572271388	0.0
372.0	30.443349753694584	19.113300492610836	21.182266009852217	29.261083743842363	0.0
373.0	30.76923076923077	22.189349112426036	20.907297830374755	26.13412228796844	0.0
374.0	32.24530168150346	19.881305637982198	19.584569732937684	28.28882294757666	0.0
375.0	32.142857142857146	17.956349206349206	20.436507936507937	29.464285714285715	0.0
376.0	32.373386295928505	17.477656405163852	18.669314796425024	31.479642502482623	0.0
377.0	30.318091451292243	20.77534791252485	19.284294234592444	29.62226640159046	0.0
378.0	30.677290836653388	20.318725099601593	19.42231075697211	29.58167330677291	0.0
379.0	27.77222777222777	20.37962037962038	19.480519480519483	32.36763236763237	0.0
380.0	31.16883116883117	21.178821178821178	17.682317682317684	29.97002997002997	0.0
381.0	31.931931931931935	20.42042042042042	21.02102102102102	26.626626626626624	0.0
382.0	32.89869608826479	20.661985957873622	17.65295887662989	28.786359077231694	0.0
383.0	35.24096385542169	19.879518072289155	16.76706827309237	28.11244979919679	0.0
384.0	31.457286432160803	18.99497487437186	18.391959798994975	31.155778894472363	0.0
385.0	30.181086519114686	22.535211267605636	19.919517102615693	27.364185110663986	0.0
386.0	31.55241935483871	19.153225806451612	19.254032258064516	30.040322580645164	0.0
387.0	32.86290322580645	18.75	20.665322580645164	27.721774193548388	0.0
388.0	31.786074672048436	20.282542885973765	18.869828456104944	29.061553985872855	0.0
389.0	34.17593528816987	20.12133468149646	16.582406471183013	29.120323559150656	0.0
390.0	30.69908814589666	20.16210739614995	17.933130699088146	31.20567375886525	0.0
391.0	32.01219512195122	18.597560975609756	20.020325203252032	29.369918699186993	0.0
392.0	33.94308943089431	17.98780487804878	19.10569105691057	28.96341463414634	0.0
393.0	31.943031536113935	20.44760935910478	18.006103763987795	29.60325534079349	0.0
394.0	31.466395112016293	21.486761710794298	18.533604887983707	28.5132382892057	0.0
395.0	30.448065173116092	21.792260692464357	19.45010183299389	28.30957230142566	0.0
396.0	33.43527013251784	20.081549439347604	18.55249745158002	27.93068297655454	0.0
397.0	34.25076452599388	18.450560652395513	19.77573904179409	27.522935779816514	0.0
398.0	31.454918032786882	19.15983606557377	19.057377049180328	30.327868852459016	0.0
399.0	30.564102564102562	17.435897435897434	19.384615384615383	32.61538461538461	0.0
400.0	31.006160164271044	19.199178644763858	20.533880903490758	29.26078028747433	0.0
401.0	31.546391752577318	21.54639175257732	17.31958762886598	29.587628865979383	0.0
402.0	32.64462809917356	19.731404958677686	17.045454545454543	30.57851239669421	0.0
403.0	31.780538302277435	20.496894409937887	17.598343685300208	30.124223602484474	0.0
404.0	31.191709844559583	18.65284974093264	19.378238341968913	30.777202072538863	0.0
405.0	30.944963655244027	18.06853582554517	20.768431983385256	30.218068535825545	0.0
406.0	31.048805815160957	19.833852544132917	20.1453790238837	28.971962616822427	0.0
407.0	29.822732012513036	21.063607924921794	18.769551616266945	30.34410844629823	0.0
408.0	32.53138075313807	19.874476987447697	18.305439330543933	29.288702928870293	0.0
409.0	31.164742917103883	20.146904512067156	20.146904512067156	28.541448058761805	0.0
410.0	30.93980992608237	20.591341077085534	20.06335797254488	28.405491024287223	0.0
411.0	29.629629629629626	19.894179894179896	17.46031746031746	33.01587301587301	0.0
412.0	32.13149522799576	19.830328738069987	18.66383881230117	29.374337221633084	0.0
413.0	32.1656050955414	19.002123142250532	20.063694267515924	28.768577494692142	0.0
414.0	29.04255319148936	20.53191489361702	20.425531914893615	30.0	0.0
415.0	31.27659574468085	19.78723404255319	17.97872340425532	30.957446808510635	0.0
416.0	29.989327641408753	20.384204909284954	18.14300960512273	31.483457844183565	0.0
417.0	31.336898395721924	19.144385026737968	18.074866310160427	31.44385026737968	0.0
418.0	30.472103004291846	19.84978540772532	19.95708154506438	29.721030042918457	0.0
419.0	30.247578040904198	20.55974165769645	18.29924650161464	30.893433799784713	0.0
420.0	33.04628632938644	21.09795479009688	18.29924650161464	27.556512378902042	0.0
421.0	32.901833872707655	21.790722761596548	17.044228694714132	28.26321467098166	0.0
422.0	34.84848484848485	20.12987012987013	18.398268398268396	26.623376623376622	0.0
423.0	32.32104121475054	21.149674620390453	17.787418655097614	28.74186550976139	0.0
424.0	36.659436008676785	17.570498915401302	17.895878524945772	27.874186550976138	0.0
425.0	33.33333333333333	18.13246471226927	18.241042345276874	30.293159609120522	0.0
426.0	33.623503808487484	19.477693144722526	17.08378672470076	29.815016322089228	0.0
427.0	30.501089324618736	18.40958605664488	18.40958605664488	32.6797385620915	0.0
428.0	29.443838604143945	20.174482006543077	19.629225736095965	30.75245365321701	0.0
429.0	31.406761177753545	21.919302071973828	16.793893129770993	29.880043620501635	0.0
430.0	34.49781659388647	20.633187772925766	17.903930131004365	26.965065502183407	0.0
431.0	33.62541073384447	17.853231106243154	19.386637458926614	29.13472070098576	0.0
432.0	29.49561403508772	21.820175438596493	17.653508771929825	31.030701754385966	0.0
433.0	32.45614035087719	20.394736842105264	17.214912280701753	29.93421052631579	0.0
434.0	32.05268935236004	20.856201975850713	19.42919868276619	27.661909989023055	0.0
435.0	32.27222832052689	19.42919868276619	19.758507135016465	28.54006586169045	0.0
436.0	33.260153677277714	19.209659714599344	19.099890230515918	28.43029637760702	0.0
437.0	31.208791208791208	19.450549450549453	20.439560439560438	28.901098901098898	0.0
438.0	31.607929515418505	18.28193832599119	19.05286343612335	31.05726872246696	0.0
439.0	33.62734288864388	19.735391400220507	18.74310915104741	27.894156560088202	0.0
440.0	32.63274336283185	19.24778761061947	17.809734513274336	30.30973451327434	0.0
441.0	32.963374028856826	19.644839067702552	18.978912319644838	28.412874583795784	0.0
442.0	32.666666666666664	21.11111111111111	17.333333333333336	28.888888888888886	0.0
443.0	31.514476614699333	20.824053452115812	21.046770601336302	26.614699331848552	0.0
444.0	35.340022296544035	18.61761426978818	19.50947603121516	26.53288740245262	0.0
445.0	33.22185061315496	20.84726867335563	17.94871794871795	27.982162764771463	0.0
446.0	36.45484949832776	19.50947603121516	19.39799331103679	24.637681159420293	0.0
447.0	31.808035714285715	19.866071428571427	17.522321428571427	30.80357142857143	0.0
448.0	33.18435754189944	19.553072625698324	19.888268156424584	27.37430167597765	0.0
449.0	31.46696528555431	20.6047032474804	18.701007838745802	29.227323628219487	0.0
450.0	32.92273236282195	20.492721164613663	17.133258678611423	29.451287793952968	0.0
451.0	29.89921612541993	18.477043673012318	22.508398656215007	29.11534154535274	0.0
452.0	32.47480403135498	20.268756998880182	19.70884658454647	27.547592385218366	0.0
453.0	32.547699214365885	17.957351290684624	20.2020202020202	29.292929292929294	0.0
454.0	35.80246913580247	18.967452300785634	16.38608305274972	28.84399551066218	0.0
455.0	33.221099887766556	19.30415263748597	18.40628507295174	29.068462401795735	0.0
456.0	34.87064116985377	18.785151856017997	16.647919010123736	29.696287964004497	0.0
457.0	33.07086614173229	17.09786276715411	20.359955005624297	29.471316085489313	0.0
458.0	33.33333333333333	20.045045045045047	16.666666666666664	29.954954954954953	0.0
459.0	32.807215332581734	21.08229988726043	17.36189402480271	28.74859075535513	0.0
460.0	34.72378804960542	20.856820744081173	17.36189402480271	27.05749718151071	0.0
461.0	31.596828992072478	19.026047565118912	18.57304643261608	30.804077010192525	0.0
462.0	34.0522133938706	21.33938706015891	15.209988649262202	29.398410896708288	0.0
463.0	32.15909090909091	19.204545454545453	17.954545454545453	30.681818181818183	0.0
464.0	32.57403189066059	21.184510250569478	16.856492027334852	29.38496583143508	0.0
465.0	33.14285714285714	21.02857142857143	16.457142857142856	29.37142857142857	0.0
466.0	31.69336384439359	18.421052631578945	17.505720823798626	32.379862700228834	0.0
467.0	32.068965517241374	18.735632183908045	18.850574712643677	30.344827586206897	0.0
468.0	32.91139240506329	18.8722669735328	16.800920598388952	31.41542002301496	0.0
469.0	32.451093210586876	17.72151898734177	17.26121979286536	32.56616800920598	0.0
470.0	30.70683661645423	19.69872537659328	16.801853997682503	32.79258400926999	0.0
471.0	32.71461716937355	20.533642691415313	15.081206496519723	31.670533642691417	0.0
472.0	32.28803716608595	19.860627177700348	16.840882694541232	31.010452961672474	0.0
473.0	32.0139697322468	21.536670547147846	15.715948777648428	30.73341094295693	0.0
474.0	31.388564760793464	20.653442240373394	16.919486581096848	31.03850641773629	0.0
475.0	33.37222870478413	18.08634772462077	19.603267211201867	28.93815635939323	0.0
476.0	32.55542590431739	19.01983663943991	15.869311551925321	32.55542590431739	0.0
